16
data/genbank/Enterobacteria_phage_UAB_Phi87                       100.000000 11.361742 75.431943 7.886332 12.013495 78.102046 11.537129 11.539370 11.553663 11.632878 11.484605 7.589996 79.161656 78.913891 68.020701 11.578071
data/genbank/Enterobacteria_phage_WV8_complete_genome             11.361742 100.000000 10.585570 75.888276 91.917765 12.993443 90.374166 90.067577 90.344828 91.555971 89.400589 75.493950 13.080066 12.930459 13.832146 87.792128
data/genbank/Escherichia_coli_O157_typing_phage_1_complete_genome 75.431943 10.585570 100.000000 6.714094 10.765851 60.371578 10.354936 10.282099 10.261118 10.347116 10.460478 6.348217 61.889875 61.797619 53.264016 10.334313
data/genbank/Escherichia_phage_EC6_complete_genome                7.886332 75.888276 6.714094 100.000000 75.471926 9.062612 74.643278 74.639231 74.449253 74.716038 75.714457 88.297832 9.094954 9.119207 11.940658 73.984396
data/genbank/Escherichia_phage_HY02_complete_genome               12.013495 91.917765 10.765851 75.471926 100.000000 13.268393 89.442092 88.283831 89.548022 89.661801 91.611737 74.850911 13.308489 13.244593 14.257693 87.807971
data/genbank/Escherichia_phage_JH2_complete_genome                78.102046 12.993443 60.371578 9.062612 13.268393 100.000000 12.903100 12.765205 12.891316 12.820613 13.044500 8.939862 88.414681 89.838564 79.005462 12.699044
data/genbank/Escherichia_phage_vB_EcoM_Alf5_complete_genome       11.537129 90.374166 10.354936 74.643278 89.442092 12.903100 100.000000 88.947821 89.062381 90.204304 89.144927 74.144530 13.007933 12.899047 13.847709 89.027965
data/genbank/Escherichia_phage                                    11.539370 90.067577 10.282099 74.639231 88.283831 12.765205 88.947821 100.000000 98.059094 90.861231 89.568597 74.968570 12.807566 12.729847 13.806379 88.041669
data/genbank/Escherichia_phage_vB_EcoM_ASO1B_complete_genome      11.553663 90.344828 10.261118 74.449253 89.548022 12.891316 89.062381 98.059094 100.000000 91.237473 89.732659 75.439751 12.979883 12.895119 13.836038 87.843621
data/genbank/Escherichia_phage_vB_EcoM_AYO145A_complete_genome    11.632878 91.555971 10.347116 74.716038 89.661801 12.820613 90.204304 90.861231 91.237473 100.000000 89.866388 75.087392 12.935805 12.883341 13.727093 88.251603
data/genbank/Escherichia_phage_vB_EcoM_VpaE1_complete_genome      11.484605 89.400589 10.460478 75.714457 91.611737 13.044500 89.144927 89.568597 89.732659 89.866388 100.000000 75.648612 13.116133 13.024700 13.987780 88.009983
data/genbank/Salmonella_phage_BPS15Q2_complete_genome             7.589996 75.493950 6.348217 88.297832 74.850911 8.939862 74.144530 74.968570 75.439751 75.087392 75.648612 100.000000 9.064680 8.905643 11.626005 74.209774
data/genbank/Salmonella_phage_BPS17L1_complete_genome             79.161656 13.080066 61.889875 9.094954 13.308489 88.414681 13.007933 12.807566 12.979883 12.935805 13.116133 9.064680 100.000000 91.492343 80.283719 12.719405
data/genbank/Salmonella_phage_BPS17W1_complete_genome             78.913891 12.930459 61.797619 9.119207 13.244593 89.838564 12.899047 12.729847 12.895119 12.883341 13.024700 8.905643 91.492343 100.000000 79.475397 12.730730
data/genbank/Salmonella_phage_Mushroom_complete_genome            68.020701 13.832146 53.264016 11.940658 14.257693 79.005462 13.847709 13.806379 13.836038 13.727093 13.987780 11.626005 80.283719 79.475397 100.000000 13.701183
data/genbank/Salmonella_phage_vB_SPuM_SP116_complete_genome       11.578071 87.792128 10.334313 73.984396 87.807971 12.699044 89.027965 88.041669 87.843621 88.251603 88.009983 74.209774 12.719405 12.730730 13.701183 100.000000
